-0.017256 0.017334 -0.030612 -0.037739 0.017117 -0.021001 -0.029464 -0.0096395 -0.010601 0.0010323 
-0.002317 0.012513 -0.02193 -0.018956 0.0069053 -0.02211 -0.018122 -0.00013359 -0.011403 -0.0021199 
-0.01718 0.022906 -0.04761 -0.040698 0.021981 -0.033227 -0.031313 -0.0050436 -0.03455 -0.0017571 
-0.01221 0.015155 -0.059325 -0.054612 0.023502 -0.039136 -0.048017 -0.0075222 -0.028856 0.0047708 
-0.013779 0.017531 -0.060792 -0.055602 0.023426 -0.040133 -0.046265 -0.0097638 -0.017583 0.0046845 
-0.016527 0.017905 -0.05584 -0.057579 0.01898 -0.044338 -0.038261 -0.012228 -0.02838 -0.0014362 
-0.01398 0.025265 -0.069198 -0.075732 0.024936 -0.05208 -0.04663 -0.0098076 -0.029944 -0.0023568 
-0.016999 0.023343 -0.074755 -0.078739 0.024495 -0.053432 -0.047828 -0.015194 -0.03413 0.01721 
-0.024346 0.025265 -0.086368 -0.080089 0.033137 -0.0553 -0.059892 -0.0059691 -0.025878 -0.00098305 
-0.007938 0.017365 -0.054789 -0.055841 0.026222 -0.048881 -0.035969 -0.0041897 -0.019589 -0.00092633 
